x <- c(1:10)
x
